count rate,uncorrected detection efficiency,standard uncertainty
510861.28,0.278498091235647,0.00308339059710244
518576.92,0.280354613184151,0.00176926086509474
518576.92,0.280354613184151,0.00176926086509474
1008753.81,0.272228537282069,0.00211254479993041
1482728.805,0.264922787804468,0.00188763109873752
1991035.92,0.256196947179771,0.00168651422228153
2507695.35,0.247644632699327,0.00159661962963102
3008937.145,0.240258480604281,0.00203516827049001
3520092.46,0.234047235949584,0.00230899845673209
3999032.96,0.227538578222936,0.00173148462478076
4228261.785,0.224176506693201,0.00163011634289854
