count rate,uncorrected detection efficiency,standard uncertainty
415058.585,0.327384432498609,0.00210475249357438
706360.675,0.328722808195663,0.00163690792469117
756679.775,0.324843002799656,0.00212715451096518
1387871.365,0.323932010255518,0.00159045968531562
2079851.13,0.321844181178354,0.00180739667555903
2873818.965,0.319101842457134,0.00164982326756845
3524686.395,0.315381676932881,0.00158472680769287
4190092.13,0.309542593845313,0.00157376921968588
4908126.675,0.30467040064711,0.00176290103060584
5756076.065,0.298792820675016,0.0015223069286328
